859375
859406
859437
859468
859499
862506
862537
862568
862599
863126
863157
863188
863219
863250
863281
863312
863343
863374
866257
866288
866319
866381
866412
866443
866474
867001
867032
867063
867094
867125
867156
867187
867218
867249
870132
870163
870194
870256
870287
870318
870349
870876
870907
870938
870969
871000
871031
871062
871093
871124
874007
874038
874069
874131
874162
874193
874224
874751
874782
874813
874844
874875
874906
874937
874968
874999
1250000
1250006
1250031
1250037
1250062
1250068
1250093
1250099
1250124
1250626
1250651
1250657
1250682
1250688
1250713
1250719
1250744
1250750
1250775
1250781
1250806
1250812
1250837
1250843
1250868
1250874
1253131
1253137
1253162
1253168
1253193
1253199
1253224
1253751
1253757
1253782
1253788
1253813
1253819
1253844
1253875
1253881
1253906
1253912
1253937
1253943
1253968
1253974
1253999
1254501
1254526
1254532
1254557
1254563
1254588
1254594
1254619
1254625
1254650
1254656
1254681
1254687
1254712
1254718
1254743
1254749
1256262
1256268
1256293
1256299
1256324
1256882
1256888
1256913
1256919
1256944
1257006
1257012
1257037
1257043
1257068
1257074
1257099
1257626
1257632
1257657
1257663
1257688
1257694
1257719
1257750
1257756
1257781
1257787
1257812
1257818
1257843
1257849
1257874
1258376
1258401
1258407
1258432
1258438
1258463
1258469
1258494
1258500
1258525
1258531
1258556
1258562
1258587
1258593
1258618
1258624
1260013
1260019
1260044
1260137
1260143
1260168
1260174
1260199
1260757
1260763
1260788
1260794
1260819
1260881
1260887
1260912
1260918
1260943
1260949
1260974
1261501
1261507
1261532
1261538
1261563
1261569
1261594
1261625
1261631
1261656
1261662
1261687
1261693
1261718
1261724
1261749
1262251
1262276
1262282
1262307
1262313
1262338
1262344
1262369
1262375
1262400
1262406
1262431
1262437
1262462
1262468
1262493
1262499
1263888
1263894
1263919
1264012
1264018
1264043
1264049
1264074
1264632
1264638
1264663
1264669
1264694
1264756
1264762
1264787
1264793
1264818
1264824
1264849
1265376
1265382
1265407
1265413
1265438
1265444
1265469
1265500
1265506
1265531
1265537
1265562
1265568
1265593
1265599
1265624
1328125
1328126
1328156
1328157
1328187
1328188
1328218
1328219
1328249
1328250
1328280
1328281
1328311
1328312
1328342
1328343
1328373
1328374
1331256
1331257
1331287
1331288
1331318
1331319
1331349
1331380
1331381
1331411
1331412
1331442
1331443
1331473
1331474
1331876
1331877
1331907
1331908
1331938
1331939
1331969
1332000
1332001
1332031
1332032
1332062
1332063
1332093
1332094
1332124
1332125
1332155
1332156
1332186
1332187
1332217
1332218
1332248
1332249
1335007
1335008
1335038
1335039
1335069
1335131
1335132
1335162
1335163
1335193
1335194
1335224
1335255
1335256
1335286
1335287
1335317
1335318
1335348
1335349
1335627
1335628
1335658
1335659
1335689
1335751
1335752
1335782
1335783
1335813
1335814
1335844
1335875
1335876
1335906
1335907
1335937
1335938
1335968
1335969
1335999
1336000
1336030
1336031
1336061
1336062
1336092
1336093
1336123
1336124
1338758
1338759
1338789
1338882
1338883
1338913
1338914
1338944
1339006
1339007
1339037
1339038
1339068
1339069
1339099
1339130
1339131
1339161
1339162
1339192
1339193
1339223
1339224
1339502
1339503
1339533
1339534
1339564
1339626
1339627
1339657
1339658
1339688
1339689
1339719
1339750
1339751
1339781
1339782
1339812
1339813
1339843
1339844
1339874
1339875
1339905
1339906
1339936
1339937
1339967
1339968
1339998
1339999
1342633
1342634
1342664
1342757
1342758
1342788
1342789
1342819
1342881
1342882
1342912
1342913
1342943
1342944
1342974
1343005
1343006
1343036
1343037
1343067
1343068
1343098
1343099
1343377
1343378
1343408
1343409
1343439
1343501
1343502
1343532
1343533
1343563
1343564
1343594
1343625
1343626
1343656
1343657
1343687
1343688
1343718
1343719
1343749
1343750
1343781
1343812
1343843
1343874
1346881
1346912
1346943
1346974
1347501
1347532
1347563
1347594
1347625
1347656
1347687
1347718
1347749
1350632
1350663
1350694
1350756
1350787
1350818
1350849
1351376
1351407
1351438
1351469
1351500
1351531
1351562
1351593
1351624
1354507
1354538
1354569
1354631
1354662
1354693
1354724
1355251
1355282
1355313
1355344
1355375
1355406
1355437
1355468
1355499
1358382
1358413
1358444
1358506
1358537
1358568
1358599
1359126
1359157
1359188
1359219
1359250
1359281
1359312
1359343
1359374
1640625
1640631
1640637
1640656
1640662
1640668
1640687
1640693
1640699
1640718
1640724
1640749
1641251
1641257
1641276
1641282
1641288
1641307
1641313
1641319
1641338
1641344
1641369
1641375
1641381
1641400
1641406
1641412
1641431
1641437
1641443
1641462
1641468
1641474
1641493
1641499
1642001
1642026
1642032
1642051
1642057
1642063
1642082
1642088
1642094
1642113
1642119
1642125
1642150
1642156
1642175
1642181
1642187
1642206
1642212
1642218
1642237
1642243
1642249
1643756
1643762
1643768
1643787
1643793
1643799
1643818
1643824
1643849
1644376
1644382
1644388
1644407
1644413
1644419
1644438
1644444
1644469
1644500
1644506
1644512
1644531
1644537
1644543
1644562
1644568
1644574
1644593
1644599
1644624
1645126
1645132
1645151
1645157
1645163
1645182
1645188
1645194
1645213
1645219
1645244
1645250
1645256
1645275
1645281
1645287
1645306
1645312
1645318
1645337
1645343
1645349
1645368
1645374
1645876
1645901
1645907
1645926
1645932
1645938
1645957
1645963
1645969
1645988
1645994
1646000
1646025
1646031
1646050
1646056
1646062
1646081
1646087
1646093
1646112
1646118
1646124
1646887
1646893
1646899
1646918
1646924
1646949
1647507
1647513
1647519
1647538
1647544
1647569
1647631
1647637
1647643
1647662
1647668
1647674
1647693
1647699
1647724
1648251
1648257
1648263
1648282
1648288
1648294
1648313
1648319
1648344
1648375
1648381
1648387
1648406
1648412
1648418
1648437
1648443
1648449
1648468
1648474
1648499
1649001
1649007
1649026
1649032
1649038
1649057
1649063
1649069
1649088
1649094
1649119
1649125
1649131
1649150
1649156
1649162
1649181
1649187
1649193
1649212
1649218
1649224
1649243
1649249
1649751
1649776
1649782
1649801
1649807
1649813
1649832
1649838
1649844
1649863
1649869
1649875
1649900
1649906
1649925
1649931
1649937
1649956
1649962
1649968
1649987
1649993
1649999
1650018
1650024
1650049
1650638
1650644
1650669
1650762
1650768
1650774
1650793
1650799
1650824
1651382
1651388
1651394
1651413
1651419
1651444
1651506
1651512
1651518
1651537
1651543
1651549
1651568
1651574
1651599
1652126
1652132
1652138
1652157
1652163
1652169
1652188
1652194
1652219
1652250
1652256
1652262
1652281
1652287
1652293
1652312
1652318
1652324
1652343
1652349
1652374
1652876
1652882
1652901
1652907
1652913
1652932
1652938
1652944
1652963
1652969
1652994
1653000
1653006
1653025
1653031
1653037
1653056
1653062
1653068
1653087
1653093
1653099
1653118
1653124
1653769
1653893
1653899
1653924
1654513
1654519
1654544
1654637
1654643
1654649
1654668
1654674
1654699
1655257
1655263
1655269
1655288
1655294
1655319
1655381
1655387
1655393
1655412
1655418
1655424
1655443
1655449
1655474
1656001
1656007
1656013
1656032
1656038
1656044
1656063
1656069
1656094
1656125
1656131
1656137
1656156
1656162
1656168
1656187
1656193
1656199
1656218
1656224
1656249
1718750
1718751
1718756
1718757
1718781
1718782
1718787
1718788
1718812
1718813
1718818
1718819
1718843
1718844
1718849
1718874
1718875
1718880
1718881
1718905
1718906
1718911
1718912
1718936
1718937
1718942
1718943
1718967
1718968
1718973
1718974
1718998
1718999
1719376
1719377
1719401
1719402
1719407
1719408
1719432
1719433
1719438
1719439
1719463
1719464
1719469
1719494
1719500
1719501
1719525
1719526
1719531
1719532
1719556
1719557
1719562
1719563
1719587
1719588
1719593
1719594
1719618
1719619
1719624
1719625
1719650
1719655
1719656
1719680
1719681
1719686
1719687
1719711
1719712
1719717
1719718
1719742
1719743
1719748
1719749
1721881
1721882
1721887
1721888
1721912
1721913
1721918
1721919
1721943
1721944
1721949
1721974
1722005
1722006
1722011
1722012
1722036
1722037
1722042
1722043
1722067
1722068
1722073
1722074
1722098
1722099
1722501
1722502
1722507
1722508
1722532
1722533
1722538
1722539
1722563
1722564
1722569
1722594
1722625
1722626
1722631
1722632
1722656
1722657
1722662
1722663
1722687
1722688
1722693
1722694
1722718
1722719
1722724
1722749
1722750
1722755
1722756
1722780
1722781
1722786
1722787
1722811
1722812
1722817
1722818
1722842
1722843
1722848
1722849
1722873
1722874
1723127
1723128
1723152
1723153
1723158
1723159
1723183
1723184
1723189
1723214
1723251
1723252
1723276
1723277
1723282
1723283
1723307
1723308
1723313
1723314
1723338
1723339
1723344
1723369
1723375
1723376
1723400
1723401
1723406
1723407
1723431
1723432
1723437
1723438
1723462
1723463
1723468
1723469
1723493
1723494
1723499
1723500
1723525
1723530
1723531
1723555
1723556
1723561
1723562
1723586
1723587
1723592
1723593
1723617
1723618
1723623
1723624
1725012
1725013
1725018
1725019
1725043
1725044
1725049
1725074
1725136
1725137
1725142
1725143
1725167
1725168
1725173
1725174
1725198
1725199
1725632
1725633
1725638
1725639
1725663
1725664
1725669
1725694
1725756
1725757
1725762
1725763
1725787
1725788
1725793
1725794
1725818
1725819
1725824
1725849
1725880
1725881
1725886
1725887
1725911
1725912
1725917
1725918
1725942
1725943
1725948
1725949
1725973
1725974
1726252
1726253
1726258
1726259
1726283
1726284
1726289
1726314
1726376
1726377
1726382
1726383
1726407
1726408
1726413
1726414
1726438
1726439
1726444
1726469
1726500
1726501
1726506
1726507
1726531
1726532
1726537
1726538
1726562
1726563
1726568
1726569
1726593
1726594
1726599
1726624
1726625
1726630
1726631
1726655
1726656
1726661
1726662
1726686
1726687
1726692
1726693
1726717
1726718
1726723
1726724
1726748
1726749
1727002
1727003
1727027
1727028
1727033
1727034
1727058
1727059
1727064
1727089
1727126
1727127
1727151
1727152
1727157
1727158
1727182
1727183
1727188
1727189
1727213
1727214
1727219
1727244
1727250
1727251
1727275
1727276
1727281
1727282
1727306
1727307
1727312
1727313
1727337
1727338
1727343
1727344
1727368
1727369
1727374
1727375
1727400
1727405
1727406
1727430
1727431
1727436
1727437
1727461
1727462
1727467
1727468
1727492
1727493
1727498
1727499
1728763
1728764
1728769
1728794
1728887
1728888
1728893
1728894
1728918
1728919
1728924
1728949
1729011
1729012
1729017
1729018
1729042
1729043
1729048
1729049
1729073
1729074
1729383
1729384
1729389
1729414
1729507
1729508
1729513
1729514
1729538
1729539
1729544
1729569
1729631
1729632
1729637
1729638
1729662
1729663
1729668
1729669
1729693
1729694
1729699
1729724
1729755
1729756
1729761
1729762
1729786
1729787
1729792
1729793
1729817
1729818
1729823
1729824
1729848
1729849
1730127
1730128
1730133
1730134
1730158
1730159
1730164
1730189
1730251
1730252
1730257
1730258
1730282
1730283
1730288
1730289
1730313
1730314
1730319
1730344
1730375
1730376
1730381
1730382
1730406
1730407
1730412
1730413
1730437
1730438
1730443
1730444
1730468
1730469
1730474
1730499
1730500
1730505
1730506
1730530
1730531
1730536
1730537
1730561
1730562
1730567
1730568
1730592
1730593
1730598
1730599
1730623
1730624
1730877
1730878
1730902
1730903
1730908
1730909
1730933
1730934
1730939
1730964
1731001
1731002
1731026
1731027
1731032
1731033
1731057
1731058
1731063
1731064
1731088
1731089
1731094
1731119
1731125
1731126
1731150
1731151
1731156
1731157
1731181
1731182
1731187
1731188
1731212
1731213
1731218
1731219
1731243
1731244
1731249
1732514
1732638
1732639
1732644
1732669
1732762
1732763
1732768
1732769
1732793
1732794
1732799
1732824
1732886
1732887
1732892
1732893
1732917
1732918
1732923
1732924
1732948
1732949
1733258
1733259
1733264
1733289
1733382
1733383
1733388
1733389
1733413
1733414
1733419
1733444
1733506
1733507
1733512
1733513
1733537
1733538
1733543
1733544
1733568
1733569
1733574
1733599
1733630
1733631
1733636
1733637
1733661
1733662
1733667
1733668
1733692
1733693
1733698
1733699
1733723
1733724
1734002
1734003
1734008
1734009
1734033
1734034
1734039
1734064
1734126
1734127
1734132
1734133
1734157
1734158
1734163
1734164
1734188
1734189
1734194
1734219
1734250
1734251
1734256
1734257
1734281
1734282
1734287
1734288
1734312
1734313
1734318
1734319
1734343
1734344
1734349
1734374
1734375
1734381
1734406
1734412
1734437
1734443
1734468
1734474
1734499
1735001
1735026
1735032
1735057
1735063
1735088
1735094
1735119
1735125
1735150
1735156
1735181
1735187
1735212
1735218
1735243
1735249
1737506
1737512
1737537
1737543
1737568
1737574
1737599
1738126
1738132
1738157
1738163
1738188
1738194
1738219
1738250
1738256
1738281
1738287
1738312
1738318
1738343
1738349
1738374
1738876
1738901
1738907
1738932
1738938
1738963
1738969
1738994
1739000
1739025
1739031
1739056
1739062
1739087
1739093
1739118
1739124
1740637
1740643
1740668
1740674
1740699
1741257
1741263
1741288
1741294
1741319
1741381
1741387
1741412
1741418
1741443
1741449
1741474
1742001
1742007
1742032
1742038
1742063
1742069
1742094
1742125
1742131
1742156
1742162
1742187
1742193
1742218
1742224
1742249
1742751
1742776
1742782
1742807
1742813
1742838
1742844
1742869
1742875
1742900
1742906
1742931
1742937
1742962
1742968
1742993
1742999
1744388
1744394
1744419
1744512
1744518
1744543
1744549
1744574
1745132
1745138
1745163
1745169
1745194
1745256
1745262
1745287
1745293
1745318
1745324
1745349
1745876
1745882
1745907
1745913
1745938
1745944
1745969
1746000
1746006
1746031
1746037
1746062
1746068
1746093
1746099
1746124
1746626
1746651
1746657
1746682
1746688
1746713
1746719
1746744
1746750
1746775
1746781
1746806
1746812
1746837
1746843
1746868
1746874
1748263
1748269
1748294
1748387
1748393
1748418
1748424
1748449
1749007
1749013
1749038
1749044
1749069
1749131
1749137
1749162
1749168
1749193
1749199
1749224
1749751
1749757
1749782
1749788
1749813
1749819
1749844
1749875
1749881
1749906
1749912
1749937
1749943
1749968
1749974
1749999
1796875
1796876
1796877
1796906
1796907
1796908
1796937
1796938
1796939
1796968
1796969
1796999
1797000
1797001
1797030
1797031
1797032
1797061
1797062
1797063
1797092
1797093
1797094
1797123
1797124
1797125
1797155
1797156
1797185
1797186
1797187
1797216
1797217
1797218
1797247
1797248
1797249
1800006
1800007
1800008
1800037
1800038
1800039
1800068
1800069
1800099
1800130
1800131
1800132
1800161
1800162
1800163
1800192
1800193
1800194
1800223
1800224
1800255
1800256
1800285
1800286
1800287
1800316
1800317
1800318
1800347
1800348
1800349
1800626
1800627
1800628
1800657
1800658
1800659
1800688
1800689
1800719
1800750
1800751
1800752
1800781
1800782
1800783
1800812
1800813
1800814
1800843
1800844
1800874
1800875
1800876
1800905
1800906
1800907
1800936
1800937
1800938
1800967
1800968
1800969
1800998
1800999
1801000
1801030
1801031
1801060
1801061
1801062
1801091
1801092
1801093
1801122
1801123
1801124
1803757
1803758
1803759
1803788
1803789
1803819
1803881
1803882
1803883
1803912
1803913
1803914
1803943
1803944
1803974
1804005
1804006
1804007
1804036
1804037
1804038
1804067
1804068
1804069
1804098
1804099
1804130
1804131
1804160
1804161
1804162
1804191
1804192
1804193
1804222
1804223
1804224
1804377
1804378
1804379
1804408
1804409
1804439
1804501
1804502
1804503
1804532
1804533
1804534
1804563
1804564
1804594
1804625
1804626
1804627
1804656
1804657
1804658
1804687
1804688
1804689
1804718
1804719
1804749
1804750
1804751
1804780
1804781
1804782
1804811
1804812
1804813
1804842
1804843
1804844
1804873
1804874
1804875
1804905
1804906
1804935
1804936
1804937
1804966
1804967
1804968
1804997
1804998
1804999
1807508
1807509
1807539
1807632
1807633
1807634
1807663
1807664
1807694
1807756
1807757
1807758
1807787
1807788
1807789
1807818
1807819
1807849
1807880
1807881
1807882
1807911
1807912
1807913
1807942
1807943
1807944
1807973
1807974
1808005
1808006
1808035
1808036
1808037
1808066
1808067
1808068
1808097
1808098
1808099
1808128
1808129
1808159
1808252
1808253
1808254
1808283
1808284
1808314
1808376
1808377
1808378
1808407
1808408
1808409
1808438
1808439
1808469
1808500
1808501
1808502
1808531
1808532
1808533
1808562
1808563
1808564
1808593
1808594
1808624
1808625
1808626
1808655
1808656
1808657
1808686
1808687
1808688
1808717
1808718
1808719
1808748
1808749
1811259
1811383
1811384
1811414
1811507
1811508
1811509
1811538
1811539
1811569
1811631
1811632
1811633
1811662
1811663
1811664
1811693
1811694
1811724
1811755
1811756
1811757
1811786
1811787
1811788
1811817
1811818
1811819
1811848
1811849
1812003
1812004
1812034
1812127
1812128
1812129
1812158
1812159
1812189
1812251
1812252
1812253
1812282
1812283
1812284
1812313
1812314
1812344
1812375
1812376
1812377
1812406
1812407
1812408
1812437
1812438
1812439
1812468
1812469
1812499
1812500
1812501
1812531
1812532
1812562
1812563
1812593
1812594
1812624
1812625
1812655
1812656
1812686
1812687
1812717
1812718
1812748
1812749
1815631
1815632
1815662
1815663
1815693
1815694
1815724
1815755
1815756
1815786
1815787
1815817
1815818
1815848
1815849
1816251
1816252
1816282
1816283
1816313
1816314
1816344
1816375
1816376
1816406
1816407
1816437
1816438
1816468
1816469
1816499
1816500
1816530
1816531
1816561
1816562
1816592
1816593
1816623
1816624
1819382
1819383
1819413
1819414
1819444
1819506
1819507
1819537
1819538
1819568
1819569
1819599
1819630
1819631
1819661
1819662
1819692
1819693
1819723
1819724
1820002
1820003
1820033
1820034
1820064
1820126
1820127
1820157
1820158
1820188
1820189
1820219
1820250
1820251
1820281
1820282
1820312
1820313
1820343
1820344
1820374
1820375
1820405
1820406
1820436
1820437
1820467
1820468
1820498
1820499
1823133
1823134
1823164
1823257
1823258
1823288
1823289
1823319
1823381
1823382
1823412
1823413
1823443
1823444
1823474
1823505
1823506
1823536
1823537
1823567
1823568
1823598
1823599
1823877
1823878
1823908
1823909
1823939
1824001
1824002
1824032
1824033
1824063
1824064
1824094
1824125
1824126
1824156
1824157
1824187
1824188
1824218
1824219
1824249
1824250
1824280
1824281
1824311
1824312
1824342
1824343
1824373
1824374
1827008
1827009
1827039
1827132
1827133
1827163
1827164
1827194
1827256
1827257
1827287
1827288
1827318
1827319
1827349
1827380
1827381
1827411
1827412
1827442
1827443
1827473
1827474
1827752
1827753
1827783
1827784
1827814
1827876
1827877
1827907
1827908
1827938
1827939
1827969
1828000
1828001
1828031
1828032
1828062
1828063
1828093
1828094
1828124
1828125
1828156
1828187
1828218
1828249
1831256
1831287
1831318
1831349
1831876
1831907
1831938
1831969
1832000
1832031
1832062
1832093
1832124
1835007
1835038
1835069
1835131
1835162
1835193
1835224
1835751
1835782
1835813
1835844
1835875
1835906
1835937
1835968
1835999
1838882
1838913
1838944
1839006
1839037
1839068
1839099
1839626
1839657
1839688
1839719
1839750
1839781
1839812
1839843
1839874
1842757
1842788
1842819
1842881
1842912
1842943
1842974
1843501
1843532
1843563
1843594
1843625
1843656
1843687
1843718
1843749
